000000000000000111111100000000
000000000000000111000011110000
000000000000000111000000001111
000000000000000100110011001100
000000000000000100110000110011
000000000000000100001111000011
000000000000000100001100111100
000000000000000010101010101010
000000000000000010101001010101
000000000000000010010110100101
000000000000000010010101011010
000000000000000001100110011001
000000000000000001100101100110
000000000000000001011010010110
000000000000000001011001101001
111111100000000000000000000000
111000011110000000000000000000
111000000001111000000000000000
100110011001100000000000000000
100110000110011000000000000000
100001111000011000000000000000
100001100111100000000000000000
010101010101010000000000000000
010101001010101000000000000000
010010110100101000000000000000
010010101011010000000000000000
001100110011001000000000000000
001100101100110000000000000000
001011010010110000000000000000
001011001101001000000000000000