0000110010101000100000001000101000100101
0000100010110011101001000101000000001000
0000010011001101100100110001000001000000
0000000010101001011010101010010010000000
1100000101001001000110000110100000010000
1010000100110001010001010010001100000000
0000000000000001001101100011101000000111
0000110000000000110111000001010010100010
1111000000000110000101000010000010100100
0010100000000010110000100010011000011100
1101010000000100000010100001001000011010
0100010000000100101010000010110101000100
1011100000000010011000000001100101000010
0010000010110000010100000100110000010011
0100000011001000000011010000011100000011
0111111000000000000000011100010000000110
1110000101010000001000101000000010000011
0001010101001100001001000100000000001101
0101001000011000110100010000001000110000
0010101110000100001010001000001100001000
0001100100110010000100110000000001000101
0100011110000010010000101000100001010000
0011001001100000100011000100100100100000
0010010000000011001010000000100010111001
1001000000000001100101000000010101011001
0100100000000101010000100000001111100001
0001111011010000000000000001000110010001
0110001100101000000000000010010001101001
1000101000011100000001110000010010001000
0001000101010111000000001001101000100000
1000011001100010001100000100010011000000
0000010000011010000100101110000000101010
0001000110000000100000010110101001001010
0010000000011000000011001101001010010100
1000000110000000001000110101010100010100
0000100001100100001001011010000001100010
0100000001100000010100011001100110000100
1000001011010001010010000000000001101010
0000001100101111100000000000000110010100
1000001000000110110010011111000000000000