000000100001000000000000010000010001000000000000000000000100000
001000000000000100000000000000000000000000000100001011000000000
010000000000000010000000000000010000000000000010000010100000000
000000000000000001000000001001000000001000000000000100010000000
000000010000000100000000000000000000000010000000000000001010010
000000001000000000000010000000001010000000000000000001000001000
100000000000001000010000000000000001000000000000001000000001000
000010000010000001000000000000011000000000000000000000001000000
000001000000000000000000000001000110000000000010000000000010000
000000000000000000000000000000000001000000000001010001010000100
000000010000000000100100000000110000000000000000010000000000000
100000000000000100000000000000000000101000001000000000000100000
000000000000000000010010000000000000000000001000000000101000001
000000000000000000001001010000000000010001000000000000000000010
000000100000000000000100000000000000000000100000000100000001010
010010000001000000000000000000000000001000000000000001000000010
001000000000000000000000000100000000000110000000000000100001000
000100010000000000000000000010001000000000000100000000010000000
000000000010000000000001100000100010000000000000001000000000000
000000100000100000001000000001000000000000000000001000001000000
000000000000010000010000000001000000010100000000010000000000000
000000000010001000000000000000000100000000001000010100000000000
000001000000100000000000011000000000000000000000000001000000001
000000000000010000100000000000000010000000000000000000110000010
000000000000000000100000001000000000100010000001001000000000000
100000000000010000000010001000010000000001000000000000000000000
000100000000000000000010110000000000000010000000000100000000000
000000000000000010000000000000100000001001000000000000000001100
000000000000000001000000000000000000000100100100000000000100001
000100001000000000011000000000000000001000000010000000000000000
000000000010000000100000000100000000001000010000000000000000001
101000010010000000000000010000000000000000000010000000000000000
000001010000000001000000000000000000110000000000000000000001000
000000001000000000000100000000000000000001001100000000000010000
000001001000000000100001000000000000000000000000100000000100000
100000100100000000000000000000000000000000010000000000010010000
000000000001000000000000100000001000010000001001000000000000000
000000000000010000001000000000001000100000010000000010000000000
000100000001000100000000000101100000000000000000000000000000000
000000000000000010001000000010000000000010000000010000000100000
000010000000000010000000101000000000000100000000000000000010000
000000000000010000000000010100000100000000000100000000000000100
000000000000001000000000000010000000000000000011000000000000011
000000000000000000000000000000100001010000000000000010000010001
000000000001100000000100000000000100100000000000000000100000000
010000000000000001000000000010000100000001000000001000000000000
001000001000000000000000000001010000000000100001000000000000000
000000000100000000000000100000000000100000100010000000000000100
000000000000000000000000000000000010000000000000000110001100100
000000000110000000001100000000000000000100000000000001000000000
010000100000000000110000100000000000000000000100000000000000000
000100000000001000000100001000000000000000000000100010000000000
011000000000000000000000000000000000010000010000100100000000000
010001000100000100000010000000000000000000000000010000000000000
001000000000100010000001000000000000000000001000000000010000000
000100000100000001000001000000000001000000000000000000100000000
000010010000100000010000000000000000000000000000100000000000100
100000000001000000000000000010000010000100000000100000000000000
000010001000000000000000000000000101000010010000000000000000000
000001100000001010000000000100001000000000000000000000000000000
000000000100000000000000000100000000000001000001100000001000000
000010000000011100000001000000000000000000100000000000000000000
000000000000100000000010000010100000000000110000000000000000000