1111111110000000000000000
1110000001111110000000000
1110000000000001111110000
1001100001100001100001100
1001100000011000011000011
1000011001100000000110011
1000011000000110011001100
1000000110011000000111100
1000000110000111100000011
0101010000010101000101010
0101010000001010100010101
0100100101000100010100101
0100100100100010001011010
0100001011010000101001001
0100001010101001010000110
0011000011000100001010110
0011000010100010010101001
0010101000010010100100110
0010101000001101000011001
0010010101001000110001010
0010010100110001001000101
0001001101010011010010000
0001001100101100101100000
0000110011001011001100000
0000110010110100110010000

1111111110000000000000000
1110000001111110000000000
1110000000000001111110000
1001100001100001100001100
1001100000011000011000011
1000011001100000000110011
1000011000000110011001100
1000000110011000000111100
1000000110000111100000011
0101010000010101000101010
0101010000001010100010101
0100100101000100010100101
0100100100100010001011010
0100001011010000101001001
0100001010101001010000110
0011000011000100001010110
0011000010100010010101001
0010101000010010100100110
0010101000001101000011001
0010010101001000110001010
0010010100110001001000101
0001001101001011001100000
0001001100110100110010000
0000110011010011010010000
0000110010101100101100000

1111111110000000000000000
1110000001111110000000000
1110000000000001111110000
1001100001100001100001100
1001100000011000011000011
1000011001100000000110011
1000011000000110011001100
1000000110011000000111100
1000000110000111100000011
0101010000010101000101010
0101010000001010100010101
0100100101000100010100101
0100100100100010001011010
0100001011010000101000110
0100001010101001010001001
0011000011000100001011001
0011000010100010010100110
0010101000010010100101001
0010101000001101000010110
0010010101001000110001010
0010010100110001001000101
0001001101010011010010000
0001001100101100101100000
0000110011001011001100000
0000110010110100110010000

1111111110000000000000000
1110000001111110000000000
1110000000000001111110000
1001100001100001100001100
1001100000011000011000011
1000011001100000000110011
1000011000000110011001100
1000000110011000000111100
1000000110000111100000011
0101010000010101000101010
0101010000001010100010101
0100100101000100010100101
0100100100100010001011010
0100001011001001001001001
0100001010110000110000110
0011000011000010001100110
0011000010100100010011001
0010101000010010100101001
0010101000001101000010110
0010010101001000110001010
0010010100110001001000101
0001001101010011010010000
0001001100101100101100000
0000110011010100101010000
0000110010101011010100000

1111111110000000000000000
1110000001111110000000000
1110000000000001111110000
1001100001100001100001100
1001100000011000011000011
1000011001100000000110011
1000011000000110011001100
1000000110011000000111100
1000000110000111100000011
0101010000010101000101010
0101010000001010100010101
0100100101000100010100101
0100100011000010001011010
0100001100110000101001001
0100001010101001010000110
0011000100100100001010110
0011000010100010010101001
0010101000010010100100110
0010101000001101000011001
0010010101001000110001010
0010010011010001001000101
0001001101010011010010000
0001001011001100101100000
0000110100101011001100000
0000110010110100110010000

1111111110000000000000000
1110000001111110000000000
1110000000000001111110000
1001100001100001100001100
1001100000011000011000011
1000011001100000000110011
1000011000000110011001100
1000000110011000000111100
1000000110000111100000011
0101010000010101000101010
0101010000001010100010101
0100100101000100010100101
0100100011000010001011010
0100001100110000101001001
0100001010101001010000110
0011000100100100001010110
0011000010100010010101001
0010101000010010100100110
0010101000001101000011001
0010010101001000110001010
0010010011010001001000101
0001001101001011001100000
0001001011010100110010000
0000110100110011010010000
0000110010101100101100000

1111111110000000000000000
1110000001111110000000000
1110000000000001111110000
1001100001100001100001100
1001100000011000011000011
1000011001100000000110011
1000011000000110011001100
1000000110011000000111100
1000000110000111100000011
0101010000010101000101010
0101010000001010100010101
0100100101000100010100101
0100100011000010001011010
0100001100110000101001001
0100001010101001010000110
0011000100100010001100110
0011000010100100010011001
0010101000010100100010110
0010101000001011000101001
0010010101001000110001010
0010010011010001001000101
0001001101010011010010000
0001001011001100101100000
0000110100101101001010000
0000110010110010110100000

1111111110000000000000000
1110000001111110000000000
1110000000000001111110000
1001100001100001100001100
1001100000011000011000011
1000011001100000000110011
1000011000000110011001100
1000000110011000000111100
1000000110000111100000011
0101010000010101000101010
0101010000001010100010101
0100100101000100010100101
0100100011000010001011010
0100001100101001001001001
0100001010110000110000110
0011000100100100001010110
0011000010100010010101001
0010101000010100100011001
0010101000001011000100110
0010010101001000110001010
0010010011010001001000101
0001001101010010101100000
0001001011001101010010000
0000110100110011010010000
0000110010101100101100000

1111111110000000000000000
1110000001111110000000000
1110000000000001111110000
1001100001100001100001100
1001100000011000011000011
1000011001100000000110011
1000011000000110011001100
1000000110010101000101010
1000000110001010100010101
0101010000011000000111100
0101010000000111100000011
0100100101000100010100101
0100100100100010001011010
0100001011010000101001001
0100001010101001010000110
0011000011000100001010110
0011000010100010010101001
0010101000010010100100110
0010101000001101000011001
0010010101001000110001010
0010010100110001001000101
0001001101001011001100000
0001001100110100110010000
0000110011010011010010000
0000110010101100101100000

1111111110000000000000000
1110000001111110000000000
1110000000000001111110000
1001100001100001100001100
1001100000011000011000011
1000011001100000000110011
1000011000000110011001100
1000000110010101000101010
1000000110001010100010101
0101010000011000000111100
0101010000000111100000011
0100100101000100010100101
0100100100100010001011010
0100001011010000101001001
0100001010101001010000110
0011000011000010001100110
0011000010100100010011001
0010101000010100100010110
0010101000001011000101001
0010010101001000110001010
0010010100110001001000101
0001001101001101001010000
0001001100110010110100000
0000110011010011010010000
0000110010101100101100000

1111111110000000000000000
1110000001111110000000000
1110000000000001111110000
1001100001100001100001100
1001100000011000011000011
1000011001100000000110011
1000011000000110011001100
1000000110010101000101010
1000000110001010100010101
0101010000011000000111100
0101010000000111100000011
0100100101000100010100101
0100100100100010001011010
0100001011010000101000110
0100001010101001010001001
0011000011000100001011001
0011000010100010010100110
0010101000010010100101001
0010101000001101000010110
0010010101001000110001010
0010010100110001001000101
0001001101001011001100000
0001001100110100110010000
0000110011010011010010000
0000110010101100101100000

1111111110000000000000000
1110000001111110000000000
1110000000000001111110000
1001100001100001100001100
1001100000011000011000011
1000011001100000000110011
1000011000000110011001100
1000000110010101000101010
1000000110001010100010101
0101010000011000000111100
0101010000000111100000011
0100100101000100010100101
0100100100100010001011010
0100001011010000101000110
0100001010101001010001001
0011000011000010001101001
0011000010100100010010110
0010101000010100100011001
0010101000001011000100110
0010010101001000110001010
0010010100110001001000101
0001001101001101001010000
0001001100110010110100000
0000110011010011010010000
0000110010101100101100000

1111111110000000000000000
1110000001111110000000000
1110000000000001111110000
1001100001100001100001100
1001100000011000011000011
1000011001100000000110011
1000011000000110011001100
1000000110010101000101010
1000000110001010100010101
0101010000011000000111100
0101010000000111100000011
0100100101000100010100101
0100100011000010001011010
0100001100110000101001001
0100001010101001010000110
0011000100100100001010110
0011000010100010010101001
0010101000010010100100110
0010101000001101000011001
0010010101001000110001010
0010010011010001001000101
0001001101010011010010000
0001001011001100101100000
0000110100101011001100000
0000110010110100110010000

1111111110000000000000000
1110000001111110000000000
1110000000000001111110000
1001100001100001100001100
1001100000011000011000011
1000011001100000000110011
1000011000000110011001100
1000000110010101000101010
1000000110001010100010101
0101010000011000000111100
0101010000000111100000011
0100100101000100010100101
0100100011000010001011010
0100001100110000101001001
0100001010101001010000110
0011000100100100001010110
0011000010100010010101001
0010101000010010100100110
0010101000001101000011001
0010010101001000110001010
0010010011010001001000101
0001001101001011001100000
0001001011010100110010000
0000110100110011010010000
0000110010101100101100000

1111111110000000000000000
1110000001111110000000000
1110000000000001111110000
1001100001100001100001100
1001100000011000011000011
1000011001100000000110011
1000011000000110011001100
1000000110010101000101010
1000000110001010100010101
0101010000011000000111100
0101010000000111100000011
0100100101000100010100101
0100100011000010001011010
0100001100110000101001001
0100001010101001010000110
0011000100100010001100110
0011000010100100010011001
0010101000010100100010110
0010101000001011000101001
0010010101001000110001010
0010010011010001001000101
0001001101010011010010000
0001001011001100101100000
0000110100101101001010000
0000110010110010110100000

1111111110000000000000000
1110000001111110000000000
1110000000000001111110000
1001100001100001100001100
1001100000011000011000011
1000011001100000000110011
1000011000000110011001100
1000000110010101000101010
1000000110001010100010101
0101010000011000000111100
0101010000000111100000011
0100100101000100010100101
0100100011000010001011010
0100001100110000101001001
0100001010101001010000110
0011000100100010001100110
0011000010100100010011001
0010101000010100100010110
0010101000001011000101001
0010010101001000110001010
0010010011010001001000101
0001001101001101001010000
0001001011010010110100000
0000110100110011010010000
0000110010101100101100000

1111111110000000000000000
1110000001111110000000000
1110000000000001111110000
1001100001100001100001100
1001100000011000011000011
1000011001100000000110011
1000011000000110011001100
1000000110010101000101010
1000000110001010100010101
0101010000011000000111100
0101010000000111100000011
0100100101000100010100101
0100100011000010001011010
0100001100110000101000110
0100001010101001010001001
0011000100100100001011001
0011000010100010010100110
0010101000010010100101001
0010101000001101000010110
0010010101001000110001010
0010010011010001001000101
0001001101010011010010000
0001001011001100101100000
0000110100101011001100000
0000110010110100110010000

1111111110000000000000000
1110000001111110000000000
1110000000000001111110000
1001100001100001100001100
1001100000011000011000011
1000011001100000000110011
1000011000000110011001100
1000000110010101000101010
1000000110001010100010101
0101010000011000000111100
0101010000000111100000011
0100100101000100010100101
0100100011000010001011010
0100001100110000101000110
0100001010101001010001001
0011000100100100001011001
0011000010100010010100110
0010101000010010100101001
0010101000001101000010110
0010010101001000110001010
0010010011010001001000101
0001001101001011001100000
0001001011010100110010000
0000110100110011010010000
0000110010101100101100000

1111111110000000000000000
1110000001111110000000000
1110000000000001111110000
1001100001100001100001100
1001100000011000011000011
1000011001100000000110011
1000011000000110011001100
1000000110010101000101010
1000000110001010100010101
0101010000011000000111100
0101010000000111100000011
0100100101000100010100101
0100100011000010001011010
0100001100110000101000110
0100001010101001010001001
0011000100100010001101001
0011000010100100010010110
0010101000010100100011001
0010101000001011000100110
0010010101001000110001010
0010010011010001001000101
0001001101001101001010000
0001001011010010110100000
0000110100110011010010000
0000110010101100101100000

1111111110000000000000000
1110000001111110000000000
1110000000000001111110000
1001100001100001100001100
1001100000011000011000011
1000011001100000000110011
1000011000000110011001100
1000000110010101000101010
1000000110001010100010101
0101010000011000000111100
0101010000000111100000011
0100100101000100010100101
0100100011000010001011010
0100001100101001001001001
0100001010110000110000110
0011000100100100001010110
0011000010100010010101001
0010101000010100100011001
0010101000001011000100110
0010010101001000110001010
0010010011010001001000101
0001001101010010101100000
0001001011001101010010000
0000110100110011010010000
0000110010101100101100000

1111111110000000000000000
1110000001111110000000000
1110000000000001111110000
1001100001100001100001100
1001100000011000011000011
1000011001100000000110011
1000011000000110011001100
1000000110010101000101010
1000000110001010100010101
0101010000011000000111100
0101010000000111100000011
0100100101000100010100101
0100100011000010001011010
0100001100101001001001001
0100001010110000110000110
0011000100100010001100110
0011000010100100010011001
0010101000010010100101001
0010101000001101000010110
0010010101001000110001010
0010010011010001001000101
0001001101010100101010000
0001001011001011010100000
0000110100110011010010000
0000110010101100101100000

1111111110000000000000000
1110000001111110000000000
1110000000000001111110000
1001100001100001100001100
1001100000011000011000011
1000011001100000000110011
1000011000000110011001100
1000000110010101000101010
1000000110001010100010101
0101010000011000000111100
0101010000000111100000011
0100100101000100010100101
0100100011000010001011010
0100001100101001001001001
0100001010110000110000110
0011000100100010001100110
0011000010100100010011001
0010101000010010100101001
0010101000001101000010110
0010010101001000110001010
0010010011010001001000101
0001001101010011010010000
0001001011001100101100000
0000110100110100101010000
0000110010101011010100000

1111111110000000000000000
1110000001111110000000000
1110000000000001111110000
1001100001100001100001100
1001100000011000011000011
1000011001100000000110011
1000011000000110011001100
1000000110010101000101010
1000000110001010100010101
0101010000011000000111100
0101010000000111100000011
0100100101000100010100101
0100100011000010001011010
0100001100101001001000110
0100001010110000110001001
0011000100100100001011001
0011000010100010010100110
0010101000010100100010110
0010101000001011000101001
0010010101001000110001010
0010010011010001001000101
0001001101010010101100000
0001001011001101010010000
0000110100110011010010000
0000110010101100101100000

1111111110000000000000000
1110000001111110000000000
1110000000000001111110000
1001100001100001100001100
1001100000011000011000011
1000011001100000000110011
1000011000000110011001100
1000000110010101000101010
1000000110001010100010101
0101010000011000000111100
0101010000000111100000011
0100100101000100010100101
0100100011000010001011010
0100001100101001001000110
0100001010110000110001001
0011000100100010001101001
0011000010100100010010110
0010101000010010100100110
0010101000001101000011001
0010010101001000110001010
0010010011010001001000101
0001001101010100101010000
0001001011001011010100000
0000110100110011010010000
0000110010101100101100000

1111111110000000000000000
1110000001111110000000000
1110000000000001111110000
1001100001100001100001100
1001100000011000011000011
1000011001010000000111010
1000010100100100010100101
1000001010001011000010101
1000000110000110101001010
0101010000100010100010011
0101000010010101000100110
0100110000001100001011100
0100100011000010010101001
0100001101010000101000101
0100001100101001010001010
0011001000001100100101001
0011000100010010010011100
0010101000100010001100110
0010100101000101000010011
0010010011001000110000110
0010010010110001001001001
0001010101001011001100000
0001001011100100011010000
0000111000010111110000000
0000100110111000100110000

1111111110000000000000000
1110000001111110000000000
1110000000000001111110000
1001100001100001100001100
1001100000011000011000011
1000011001010000000111010
1000010100100100010100101
1000001010001011000010101
1000000110000110101001010
0101010000100010100010011
0101000010010101000100110
0100110000001100001011100
0100100011000010010101001
0100001101001000110000110
0100001100110001001001001
0011001000001100100101001
0011000100010010010011100
0010101000100010001100110
0010100101000101000010011
0010010011010000101000101
0010010010101001010001010
0001010101001011001100000
0001001011100100011010000
0000111000010111110000000
0000100110111000100110000

1111111110000000000000000
1110000001111110000000000
1110000000000001111110000
1001100001100001100001100
1001100000011000011000011
1000011001010000000111010
1000010100000111010001001
1000001010000110101000110
1000000110101000000110101
0101010001000100001100101
0101001000100011000010011
0100101000001100010011100
0100100010010010100101001
0100010100110000110000110
0100000111001001001001010
0011000100010010001011100
0011000010100100010101010
0010110000001011000100110
0010100101000100100010011
0010011000101000101001001
0010001011010001010000101
0001010011001010110010000
0001001100011101100100000
0000110010110101001010000
0000101101100010011100000

1111111110000000000000000
1110000001111110000000000
1110000000000001111110000
1001100001100001100001100
1001100000011000011000011
1000011001010000000111010
1000010100000111010001001
1000001010000110101000110
1000000110101000000110101
0101010001000100001100101
0101001000100011000010011
0100101000001100010011100
0100100010010010100101001
0100010100101000101001010
0100000111010001010000110
0011000100010010001011100
0011000010100100010101010
0010110000001011000100110
0010100101000100100010011
0010011000110000110000101
0010001011001001001001001
0001010011001010110010000
0001001100011101100100000
0000110010110101001010000
0000101101100010011100000

1111111110000000000000000
1110000001111110000000000
1110000000000001111110000
1001100001100001100001100
1001010001010000011000011
1000110000001100000111010
1000001100101000010100101
1000001010010011000011001
1000000110000110101000110
0101100000001010001010101
0101000010100101000100011
0100100100010100110001001
0100011000110000100010110
0100010011000010010101100
0100001101001001001001010
0011001000010100001101100
0011000100100010010011010
0010101001000010100100011
0010100010011001010000110
0010010101000101000010101
0010010010101000101001001
0001011000001111110000000
0001000111011000100110000
0000110100110011001100000
0000101011100100011010000

1111111110000000000000000
1110000001111110000000000
1110000000000001111110000
1001100001100001100001100
1001010001010000011000011
1000110000001100000111010
1000001100101000010100101
1000001010010011000011001
1000000110000110101000110
0101100000001010001010101
0101000010100101000100011
0100100100010100110001001
0100011000110000100010110
0100010011000010010101100
0100001101001001001001010
0011001000010100001101100
0011000100100010010011010
0010101001000010100100011
0010100010011001010000110
0010010101000101000010101
0010010010101000101001001
0001010100011011100100000
0001001011001100110010000
0000111000100111011000000
0000100111110000001110000

1111111110000000000000000
1110000001111110000000000
1110000000000001111110000
1001100001100001100001100
1001010001010000011000011
1000110000001100000111010
1000001100101000010100101
1000001010010011000011001
1000000110000110101000110
0101001001000010000110110
0101000010100100001101001
0100110000001011001000101
0100100100110000100010011
0100011000010100110001100
0100000111001001010001010
0011001000001101100000011
0011000100011000001011100
0010101000100010011001010
0010100011000100010010101
0010010101000010100101001
0010010010110001000100110
0001100100010111010100000
0001010010101010110010000
0000101011011000101100000
0000011101100101001010000

1111111110000000000000000
1110000001111110000000000
1110000000000001111110000
1001100001100001100001100
1001010001010000011000011
1000110000001100000111010
1000001100101000010100101
1000001010010011000011001
1000000110000110101000110
0101001001000010000110110
0101000010100100001101001
0100110000001011001000101
0100100100110000100010011
0100011000010100110001100
0100000111001001010001010
0011001000001101100000011
0011000100011000001011100
0010101000100010011001010
0010100011000100010010101
0010010101000010100101001
0010010010110001000100110
0001100010011010110100000
0001010100100111010010000
0000101101010101001100000
0000011011101000101010000

1111111110000000000000000
1110000001111110000000000
1101000001000001111100000
1011000000100001000011110
1000110001010000100011001
1000101000101000011000101
1000010100010100010100110
1000001010001010100110010
1000000110000111001001001
0110010000000010101000111
0101000010011000010001011
0100101000010101001010010
0100100010100100100101100
0100010100101001000110001
0100001101000010010011100
0011100000000110010110001
0010100101001000001101010
0010011000001101110001000
0010001011010001000100101
0010000110110000111010000
0001100100011011100000100
0001011000110010001101000
0001010011001100001010100
0001001101100100100000011
0000110011100011010000010

1111111110000000000000000
1110000001111110000000000
1101000001000001111100000
1011000000100001000011110
1000110001010000100011001
1000101000101000011000101
1000010100010100010100110
1000001010001010100110010
1000000110000111001001001
0110010000000010101000111
0101000010011000000101101
0100101000010011010001010
0100100100001101100010100
0100011000100100001111000
0100000111100000010010011
0011100000000110010110001
0010100101001000001101010
0010010010011001011010000
0010001100110001100100001
0010001011000100110001100
0001100010110100101000010
0001011001001101000000011
0001010100101010110001000
0001001101010010001010100
0000110011100011000100100

1111111110000000000000000
1110000001111110000000000
1101000001000001111100000
1011000000100001000011110
1000110001010000100011001
1000101000101000011000101
1000010100010100010100110
1000001010001010100110010
1000000110000111001001001
0110000100000010110010101
0101000010011000010001011
0100101000010011000101100
0100100011000100001010110
0100011000100101100000011
0100010100101000001111000
0011001000010100001110001
0010100101001001000100011
0010100010100100110101000
0010011001000010011001010
0010010010011001101000100
0001110000001111010010000
0001100100110010101000010
0001010011100010000100101
0001001101001100100001100
0000001111110001010010000

1111111110000000000000000
1110000001111110000000000
1101000001000001111100000
1011000000100001000011110
1000110001010000100011001
1000101000101000011000101
1000010100010100010100110
1000001010000111000110001
1000000110001010101001010
0110100000000100001101011
0101010000001010010010011
0100101000010011100000110
0100010010100100101010100
0100001101001000000111100
0100000110110001010001001
0011000010011000100100101
0010100100100010110110000
0010011000001101110001000
0010010101000011001000101
0010001011010000011010010
0001100100011101001010000
0001100011000110010001100
0001011000110010001101000
0001001101100100100000011
0000110011101001000100010

1111111110000000000000000
1110000001111110000000000
1101000001000001111100000
1011000000100001000011110
1000110001010000100011001
1000101000101000011000101
1000010100010100010100110
1000001010000111000110001
1000000110001010101001010
0110010000000010001101101
0101000100001100100010101
0100101000100100100101010
0100100011000010010010110
0100011000011001001010010
0100000110110001010001001
0011001000010010110000011
0010100101001001000100011
0010100010010101101000100
0010010010101000110110000
0010001101000100011011000
0001110000001111010001000
0001100100110010001110000
0001010011100100001000011
0001001011011000000101100
0000011101100011100000100

1111111110000000000000000
1110000001111110000000000
1101000001000001111100000
1011000000100001000011110
1000110001010000100011001
1000101000101000011000101
1000010100010100010100110
1000001010000111000110001
1000000110001010101001010
0110000100001000100110101
0101000010010100001001101
0100101000011001000101010
0100100010100100110010010
0100011001000010001010110
0100010100100011010001001
0011001000010010110000011
0010100101000101001000011
0010100011000010010101100
0010011000100100101101000
0010010010011001011010000
0001110000001111100000100
0001100100110010001110000
0001010011101000000100011
0001001101001100010011000
0000001111110001100000100

1111111110000000000000000
1110000001111110000000000
1101000001000001111100000
1011000000100001000011110
1000110001010000100011001
1000101000101000011000101
1000010100010100010100110
1000001010000111000110001
1000000110001010101001010
0110000100001000010111001
0101001000010100001001011
0100100101000011000000111
0100100010100100110010010
0100011000100010100101100
0100010010011001001010100
0011000010010010110000101
0010110000000111011001000
0010101000011001100100010
0010010011100000001100011
0010001101000100101010100
0001100100110010001110000
0001100011001100000101100
0001011001001010010010010
0001010100101101100000001
0000001111110001010001000

1111111110000000000000000
1110000001111110000000000
1101000001000001111100000
1011000000100001000011110
1000110001010000100011001
1000101000101000011000101
1000010100010100010100110
1000001010000111000110001
1000000110001010101001010
0110000100000100101010101
0101000010011000000101101
0100101000010101001001010
0100100011000010010010110
0100011000101000100110010
0100010100100011010001001
0011001000010010110000011
0010100101001001000100011
0010100010100100110101000
0010011001000010001101100
0010010010011001011010000
0001110000001111100000100
0001100100110010001110000
0001010011100100001000011
0001001101001100010011000
0000001111110001100000100
