00000000000000001111110000000000
00000000000000001100001111000000
00000000000000001010001000111000
00000000000000001001000100100110
00000000000000001000100010010101
00000000000000001000010001001011
00000000000000000110001000000111
00000000000000000101000100011001
00000000000000000100100010101010
00000000000000000100010001110100
00000000000000000011000011100001
00000000000000000010100101010010
00000000000000000010010110001100
00000000000000000001101001001100
00000000000000000001011010010010
00000000000000000000111100100001
11111100000000000000000000000000
11000011110000000000000000000000
10100010001110000000000000000000
10010001001001100000000000000000
10001000100101010000000000000000
10000100010010110000000000000000
01100010000001110000000000000000
01010001000110010000000000000000
01001000101010100000000000000000
01000100011101000000000000000000
00110000111000010000000000000000
00101001010100100000000000000000
00100101100011000000000000000000
00011010010011000000000000000000
00010110100100100000000000000000
00001111001000010000000000000000