00000000000000000000001111111111
00000000000000000011110000111111
00000000000000000101110111000111
00000000000000000110111011011001
00000000000000000111011101101010
00000000000000000111101110110100
00000000000000001001110111111000
00000000000000001010111011100110
00000000000000001011011101010101
00000000000000001011101110001011
00000000000000001100111100011110
00000000000000001101011010101101
00000000000000001101101001110011
00000000000000001110010110110011
00000000000000001110100101101101
00000000000000001111000011011110
00000011111111110000000000000000
00111100001111110000000000000000
01011101110001110000000000000000
01101110110110010000000000000000
01110111011010100000000000000000
01111011101101000000000000000000
10011101111110000000000000000000
10101110111001100000000000000000
10110111010101010000000000000000
10111011100010110000000000000000
11001111000111100000000000000000
11010110101011010000000000000000
11011010011100110000000000000000
11100101101100110000000000000000
11101001011011010000000000000000
11110000110111100000000000000000